798315344 439687669 1930292
1174979421 2966258900 475289790
439687669 778614573 55925503
3743699694 3453541232 155280637
2989334775 1659556189 96021468
1650269211 3441548690 11992542
3898980331 3608821869 395986965
1705125292 2123762646 842496254
3375514705 1755577657 368184989
646363825 441617961 94777173
1662261753 1616692650 42863539
495613172 627863920 150750653
2777061135 1174979421 212273640
741140998 834540076 57174346
800245636 536395134 91468786
2547621546 1387253061 229439589
3085356243 4004808834 290158462