338228166 2812162941 77503977
3123877206 693964345 40932068
3939438903 614787731 633466
3301169239 2299402886 215156012
3516325251 499164007 115623724
3852145506 3365439095 87293397
875755064 3565078024 729889272
2849390436 734896413 11914872
2861305308 215265512 77518872
4220385528 2056242491 68417151
2221674563 3167682469 34693717
2765973467 292784384 83416969
3198884011 1699097031 22283517
3164809274 2889666918 34074737
809366712 746811285 52314986
4096970661 1633036395 58945085
3221167528 2699611924 80001711
697021180 3452732492 112345532
2059345064 799126271 162329499
4155915746 629494563 64469782
2431111524 1721380548 334861943
684283267 2779613635 12737913
440342453 2923741655 243940814
3634265609 961455770 217879897
4288802679 3202376186 6164617
415732143 1691981480 4798917
1605644336 1179335667 453700728
420531060 2792351548 19811393
3631948975 1696780397 2316634
2938824180 2514558898 185053026
215265512 376201353 122962654
2256368280 2124659642 174743244
3940072369 3208540803 156898292
861681698 615421197 14073366