912405184 1056091028 152837752
194471272 1208928780 200072008
136115250 240819204 58356022
3502815281 3536983174 299994001
2321814552 2458149869 18748048
3173949445 2623931701 9591555
394543280 888648379 167442649
1990258415 3891640206 212931291
1068754270 54862533 153774684
1222528954 660792432 186471834
3340878967 3405750148 131233026
3472111993 3836977175 30703288
561985929 299175226 225501956
2942828492 4104571497 88527954
874532405 850775600 37872779
3031356446 3867680463 23959743
842350418 208637217 32181987
0 524677182 136115250
1065242936 847264266 3511334
2203189706 2339525023 118624846
1929736108 2563409394 60522307
3802809282 1847367009 492158014
1847367009 2790861223 82369099
2442430445 2873230322 500398047
3183541000 2633523256 157337967
3141827666 3373628369 32121779
787487885 0 54862533
3055316189 2476897917 86511477
2340562600 4193099451 101867845