841576398 2731200418 60836938
1860695540 395011682 292982985
1518037021 3432774193 53954373
1786573987 2461900019 55353430
2940303448 1995108352 6974538
3014069287 1664464874 53916789
753139746 2190061656 88436652
2351822957 2925825589 209990361
3079884326 3498626816 37609115
4067060121 4186346579 108620717
4175680838 4102322798 3778367
1571991394 2415899186 46000833
2841627583 1157034722 22534242
1841927417 2517253449 18768123
2153678525 47765849 108568164
3251281674 1179568964 226737882
3067986076 3486728566 11898250
1308101633 1785172964 209935388
2262246689 1406306846 89576268
902413336 2278498308 137400878
1039814214 3765380846 268287419
45422022 156334013 238677669
3617672799 2612163195 119037223
2947277986 1718381663 66791301
1617992227 1495883114 168581760
284099691 687994667 469040055
4214721882 4106101165 80245414
2839283756 45422022 2343827
3117493441 2792037356 133788233
2864161825 2536021572 76141623
4179459205 4067060121 35262677
3736710022 3135815950 296958243
3478019556 2002082890 139653243
2610138841 3536235931 229144915
2561813318 2141736133 48325523