541719462 212840988 165903288
3437755571 1615831015 672632835
1051033542 2678450187 510773217
243353905 378744276 104057369
1561806759 3801474127 134575711
707622750 677109833 258560892
2580483557 1051033542 195631857
0 935670725 30512917
347411274 482801645 194308188
30512917 0 127836567
2190497220 2288463850 389986337
3068589955 1246665399 369165616
1754579039 3936049838 66442917
4110388406 3616895237 184578890
158349484 127836567 85004421
2776115414 4002492755 292474541
1821021956 3247419973 369475264
1696382470 3189223404 58196569